37	44
42	44
522	1282
522	16652
689	690
746	1681
802	2679
1002	2720
1277	1632
1278	1632
1282	522
1287	1290
1287	1293
1287	1294
1287	1639
1287	1641
1288	1290
1288	1294
1288	1639
1288	1641
1290	1287
1290	1288
1290	1293
1290	1294
1290	1639
1290	1641
1293	1287
1293	1290
1294	1288
1362	9250
1362	9252
1362	9253
1504	1700
1628	1629
1628	1630
1629	1628
1629	1630
1629	1631
1630	1631
1634	1632
1634	1635
1635	1632
1635	1634
1639	1287
1639	1288
1639	1290
1639	1641
1641	1287
1641	1288
1641	1290
1641	1639
1668	9273
1668	9274
1668	9276
1677	9286
1678	746
1678	1681
1678	1682
1681	7683
1681	7685
1681	7686
1681	7687
1681	7689
1682	1678
1682	1679
1682	1681
1684	1687
1700	1504
1880	1881
1881	1880
1881	7703
1881	7705
1884	1898
1898	1881
1898	1884
1980	308
1980	2395
2058	2938
2166	4024
2395	308
2395	1980
2720	1002
2826	7826
2831	44
2831	151
2894	12617
2938	2058
2944	3152
3455	2831
3813	1670
4024	2166
4026	4027
4027	4026
4028	4029
4028	4031
4029	4028
4031	4028
4533	4534
4534	4533
4743	4745
4745	8726
4748	4752
4752	4748
4753	4748
5384	22279
5415	21
5415	6529
5916	1504
5916	1700
6255	15670
6292	6294
6294	6292
6317	1290
6317	1641
6317	9246
6525	47366
6628	8336
6753	6756
6754	6753
6754	6758
6754	12880
6756	6753
6758	6753
6758	12880
6759	6760
6760	6759
6769	690
6819	10758
6821	166184
6822	36781
6827	1700
6853	6525
6853	7338
7254	8398
7257	7261
7258	8404
7260	7257
7260	7261
7260	14379
7260	14380
7260	14381
7261	7257
7329	10079
7337	7338
7338	6525
7338	7337
7518	29788
7524	7265
7683	1681
7683	7685
7683	7689
7685	7689
7686	746
7686	1681
7686	7685
7686	7687
7686	7689
7687	746
7687	1681
7687	7685
7687	7686
7687	7689
7689	7685
7703	1881
7826	2826
7948	24635
7953	10910
7953	10911
8248	30436
8253	30439
8254	11929
8324	14761
8326	11155
8334	8333
8336	6628
8338	8340
8339	8338
8340	8338
8398	7254
8421	63416
8421	100871
8645	9252
8652	11148
8719	11163
8726	4745
9246	14576
9250	1362
9250	9252
9250	9253
9253	1362
9253	9250
9253	9254
9254	1362
9254	9253
9256	7940
9268	9271
9271	9268
9273	1668
9273	9274
9273	9276
9274	1668
9274	9273
9274	9276
9276	1668
9276	9273
9276	9274
9282	823
9282	14620
9286	1677
9330	151
9330	153
9755	9760
9755	26758
9760	9755
9760	26758
9804	11309
9877	9875
9886	9890
9890	9886
9897	9899
9897	22567
9899	9897
10071	10069
10078	10079
10078	10080
10079	7329
10079	10078
10079	10080
10080	10078
10080	10079
10081	10082
10081	14503
10082	10078
10082	10079
10082	10080
10082	10081
10085	10086
10086	10085
10443	20481
10752	10750
10910	7953
10910	10911
10911	7953
10911	10910
11124	806
11155	8326
11163	8719
11428	1504
11428	11429
11429	11428
11430	1504
11431	1278
11431	1700
11433	11436
11436	11433
11437	11438
11438	11433
11438	11437
11440	45531
11929	8254
11980	11981
11981	11980
11981	95844
11992	11991
11992	34487
12350	12438
12356	12357
12356	97405
12356	97407
12358	12363
12363	12358
12438	12350
12504	12505
12505	12504
12511	37423
12514	12515
12523	15286
12617	2894
12628	12630
12628	12631
12630	12628
12630	12631
12631	12628
12631	12630
12851	18903
12880	6753
12880	6754
12880	6758
13255	23835
13684	79815
14379	7260
14379	14380
14380	7260
14380	14379
14380	14381
14381	7257
14381	7260
14381	14380
14382	14384
14384	14382
14385	14382
14387	14389
14387	14390
14389	14387
14389	14390
14390	14389
14397	80786
14399	18916
14410	15730
14414	39016
14440	18090
14503	10081
14530	19660
14576	9246
14620	9282
15156	6753
15274	15276
15274	15278
15274	15279
15276	15274
15276	15278
15276	15279
15278	15274
15278	15279
15280	15282
15280	15283
15282	15280
15282	15283
15283	15280
15283	15282
15286	12523
15354	18239
15402	15400
15670	6255
15689	15690
15690	15689
15730	14410
15733	14399
15733	18916
15735	15736
15736	15735
15738	14399
15738	18916
15850	15852
15852	15850
15906	4744
16168	1668
16218	44844
16231	18234
16264	89486
16264	89487
16646	151
16650	46556
16652	522
16652	1282
16652	1285
16652	46557
16963	18253
16963	29502
17060	61075
17401	17997
17448	50471
17639	44
17641	44
17648	25496
17648	46579
17683	17686
17780	9897
17780	9899
17992	17988
18033	18032
18090	14440
18090	77866
18090	77867
18153	7953
18153	10910
18228	18232
18234	16231
18253	16963
18825	25491
18826	18827
18827	18826
18833	22972
18898	18900
18900	18898
18901	12851
18901	18905
18903	12851
18905	15400
18905	90514
18909	18910
18909	35032
18910	18909
18912	67074
18916	14399
18960	18961
18961	8201
18961	18960
18964	18969
18965	18966
18966	18965
18969	18964
18970	18972
18971	33215
18971	33216
18994	18996
18994	33214
18996	18994
19391	21363
19639	19640
19639	19645
19640	19639
19640	19645
19645	19639
19645	19640
19660	14530
20152	20153
20152	20155
20153	20152
20153	20155
20155	20152
20155	20153
20157	103852
20176	20178
20178	20176
20180	20176
20181	20183
20183	20181
20479	20481
20481	10443
20481	20479
20594	20598
20598	20594
20598	44837
20894	1504
20972	57263
21029	21030
21030	21029
21038	30343
21038	30346
21295	21298
21295	21299
21295	21300
21298	21295
21298	21299
21298	21300
21299	21295
21299	21298
21299	21300
21300	21295
21300	21299
21306	37088
21346	21347
21346	21348
21346	21349
21347	21346
21347	21348
21347	21349
21348	21346
21348	21347
21348	21349
21349	21346
21349	21347
21349	21348
21349	21350
21350	21346
21350	21347
21350	21348
21350	21349
21351	21352
21352	21351
21352	21353
21352	21354
21353	21352
21353	21354
21354	21352
21354	21353
21355	21356
21355	21358
21355	21359
21356	21355
21356	21358
21356	21359
21358	21355
21358	21356
21358	21359
21361	22539
21363	19391
21363	44848
21363	44849
21363	44852
21486	128173
21526	21530
21530	21526
21530	113994
21550	21551
21551	21550
21589	6753
21589	6756
21589	6758
21848	21850
21850	21848
22123	22124
22123	36586
22124	22123
22125	22127
22127	15354
22127	22125
22154	1619
22176	119561
22279	5384
22539	21361
22567	9897
22856	29786
23328	23329
23329	23328
23349	62480
23349	62482
23352	4822
23402	60716
23455	24266
23455	31238
23456	23455
23835	13255
23837	42070
23837	42072
24022	82244
24035	24037
24181	24182
24182	24181
24219	26694
24266	23455
24266	31238
24404	19704
24445	5777
24457	24458
24457	24460
24458	24457
24458	24460
24460	24457
24460	24458
24635	7948
25167	34820
25167	34821
25169	34820
25496	17648
25496	36781
25906	107567
26026	1619
26109	16392
26383	28803
26540	1504
26758	9755
26758	9760
26761	6599
26764	26765
26780	1504
26931	26933
26931	26935
26933	26931
26933	41530
26935	26931
26939	26941
26940	26939
26941	26939
27713	27716
27726	1504
27988	14939
27994	27995
27995	27994
28009	28008
28341	672
28789	120207
28790	28791
28790	28793
28791	28790
28791	28793
28791	28794
28793	28790
28793	28791
28793	28794
28794	28790
28794	28791
28794	28793
28798	28801
28801	1504
28801	28798
28801	28802
28802	28798
28802	28801
28803	26383
28804	28803
28819	28820
28820	28819
28821	28822
28822	28824
28824	28822
28832	11433
28833	28835
28833	28836
28833	28837
28833	28841
28835	28833
28835	28836
28835	28837
28835	28841
28836	28833
28836	28835
28836	28837
28836	28841
28837	28833
28837	28835
28837	28836
28837	28841
28841	28833
28841	28835
28841	28836
28841	28837
29037	65643
29133	1871
29133	82984
29248	10078
29415	120440
29502	16963
29504	30643
29728	29730
29730	29728
29730	29732
29732	29728
29732	29730
29742	29745
29742	84395
29745	29742
29748	5806
29788	7518
29790	22972
29790	29791
29790	72087
29791	29790
30107	46865
30119	43548
30122	30124
30123	30124
30124	30122
30124	30123
30128	30129
30128	30134
30128	46869
30129	30128
30129	30134
30134	30128
30134	30129
30329	1632
30329	34841
30343	21038
30346	21038
30430	34842
30430	71505
30433	156133
30435	113443
30435	113445
30436	8248
30436	36421
30439	8253
30440	30441
30440	30443
30440	30445
30441	30440
30441	63245
30442	30440
30443	30440
30447	30450
30450	30447
30459	13081
30643	29504
30652	56598
31238	23455
31238	24266
31316	31590
31590	31316
31846	35545
31869	1670
31872	31877
31877	31872
32468	20531
32509	164063
32971	11991
32981	23360
32986	2944
33167	54390
33187	33189
33189	33187
33193	33195
33194	33193
33194	163141
33195	33193
33197	33201
33201	33197
33202	33196
33203	23897
33206	58462
33211	33213
33211	39959
33215	18971
33215	33216
33216	18971
33216	33215
33317	48873
33352	51921
33354	33356
33356	33354
33361	33363
33363	33361
33408	18833
33408	22972
33415	41076
33415	83097
33415	83100
33420	33421
33421	33420
33422	33425
33422	34845
33425	33422
33437	50293
34197	34198
34197	149551
34198	34197
34487	11992
34654	18912
34664	19747
34768	7257
34768	47422
34816	51638
34821	25167
34821	34820
34822	34824
34824	34822
34837	34844
34841	30329
34841	103216
34844	34837
34845	33422
35032	18909
35032	18910
35050	23165
35416	15400
35545	31846
35832	35834
35834	35832
35835	35836
35836	35835
36161	36162
36161	59476
36161	59477
36162	7261
36162	36161
36162	59476
36162	59477
36164	59479
36187	36190
36190	62757
36190	36187
36347	40311
36347	40312
36380	22886
36382	36384
36382	36386
36384	36382
36384	36386
36421	30436
36422	36426
36424	36422
36425	36427
36426	36422
36427	36425
36436	86850
36447	36450
36448	36450
36422	36424
36450	36447
36455	79764
36586	22123
36781	6822
36781	25496
37088	51921
37483	686
37905	9697
37907	9697
37907	51393
37909	37910
37910	37909
38018	1632
38018	30122
38113	54589
38299	28822
38299	28824
38311	38313
38313	38311
38338	7257
38377	42461
38948	38950
38948	120271
38948	186902
38950	38948
38950	120271
38952	152103
38952	152106
38952	152109
38975	10069
38989	9276
39016	16264
39536	39537
39536	39538
39537	39536
39537	39538
39538	39536
39538	188834
39539	39540
39539	39542
39540	39539
39540	39542
39542	39539
39542	39540
39688	114159
39720	3423
39760	188434
40145	10069
40311	36347
40312	36347
40364	40366
41070	105479
41070	105480
41071	41072
41076	33415
41076	59015
41080	41082
41080	41086
41082	41080
41082	41086
41082	97548
41086	41080
41086	41082
41494	50475
41494	50480
41496	41497
41496	41501
41497	41496
41501	41496
41502	41496
41502	41497
41507	41508
41508	20602
41508	41507
41515	41516
41516	6606
41530	26931
41530	26933
41818	65099
41974	53148
42054	86166
42070	23837
42072	1639
42072	23837
42132	14761
42235	47195
42467	42461
42551	61438
42853	39422
42874	93343
42897	60874
43052	23344
43110	35118
43273	15402
43363	67831
43363	67833
43548	47507
43550	43554
43554	43550
43639	76326
43833	122565
43881	43885
43885	43881
44003	61751
44175	44177
44177	44175
44178	7518
44178	91359
44180	44182
44182	44180
44236	44237
44236	44238
44237	44236
44237	44238
44238	44236
44238	44237
44243	22886
44445	66273
44446	112727
44458	44459
44459	44458
44460	44
44508	44509
44509	44508
44512	44514
44512	57656
44514	44512
44516	44517
44516	44518
44517	44516
44518	44516
44524	44525
44837	114197
44839	82574
44844	16218
44848	21363
44848	44849
44849	21363
44849	44848
44852	21363
44855	44856
44856	44855
44911	44913
44911	44914
44913	44911
44913	44914
44914	44911
44914	44913
44915	44911
44915	44914
45282	87093
45531	11440
45656	71442
46007	78249
46524	2302
46556	16650
46557	522
46557	16652
46876	56742
46882	46885
46885	46882
46889	30679
46889	46891
46891	72265
46891	72266
46895	72268
46979	79768
47084	4748
47195	42235
47366	6525
47366	114301
47404	47410
47406	47404
47406	47410
47407	47404
47407	47410
47410	47404
47416	47414
47416	47417
47417	47414
47417	47416
47422	34768
47425	47426
47425	79764
47426	47425
47409	4537
47463	12645
47507	43548
47549	36858
47661	47665
48286	155627
48591	1504
48591	11991
48869	33169
48873	33317
49126	49128
49128	49126
49186	46353
49673	4537
49780	159015
49780	242270
50214	17648
50216	103580
50293	33437
50471	17448
50474	15930
50475	41494
50475	50479
50475	50480
50476	50475
50476	50479
50476	101104
50479	50475
50479	50476
50479	50480
50480	41494
50480	50475
50520	50522
50688	113440
50867	1504
51393	37907
51393	151752
51638	34816
51918	51920
51920	51918
51921	143330
51933	51932
51933	51934
51933	51936
51934	51932
51934	51933
51936	51932
51936	51933
51936	51934
51975	54918
51975	54919
51976	54918
52284	68460
52354	130334
52358	52354
52358	130334
52521	104456
53127	4285
53147	81549
53148	41974
53601	37956
53604	53605
53698	118063
54035	54038
54036	81803
54038	54035
54390	33167
54396	54399
54399	54400
54400	54399
54402	54405
54402	54407
54402	54409
54405	54402
54407	54402
54409	54402
54523	108248
54589	73210
54624	823
54629	54624
54635	132505
54811	7524
54811	190767
54910	54916
54916	54910
54918	51975
54918	51976
54918	62046
54919	51975
54921	127057
54921	127059
54923	54924
54923	54925
54923	54926
54923	54927
54924	54923
54924	54925
54924	54926
54924	54927
54925	54923
54925	54924
54925	54926
54925	54927
54926	54923
54926	54924
54926	54925
54926	54927
54927	54923
54927	54925
54927	54926
54953	84975
54953	84977
54994	127062
54994	127064
56249	20657
56488	56487
56598	30652
56742	46876
56744	84416
56831	56832
56832	56831
56835	56838
56836	56834
56838	56835
56840	60166
56844	56845
56845	56844
57041	151
57041	114194
57041	114195
57138	92475
57263	20972
57656	44512
57661	57665
57665	57661
57817	57820
57820	57817
57826	54400
58153	58155
58153	102632
58155	58153
58189	124982
58251	58249
58327	19704
58361	96590
58361	156681
58462	823
58462	33206
58606	127677
58694	58695
58695	58694
58700	58698
58756	58757
58757	58756
58764	58762
58821	231508
58963	58965
58965	58963
58968	24022
59015	41076
59024	21346
59024	21347
59024	21348
59024	21349
59455	59456
59456	59455
59460	59461
59460	59463
59461	59460
59463	1938
59463	59460
59463	59461
59463	304595
59474	59475
59475	59474
59476	36161
59476	36162
59476	59477
59477	36161
59477	36162
59477	59476
59479	36164
59516	59517
59516	59518
59516	142905
59517	59516
59517	59518
59518	59516
59518	59517
59518	142905
60117	13237
60125	60126
60125	60127
60126	60125
60126	60127
60127	60125
60127	60126
60166	56840
60173	60174
60174	60173
60189	60190
60189	60192
60190	60189
60190	60192
60192	60189
60192	60190
60197	4012
60197	107047
60312	60313
60313	60312
60442	64414
60716	23402
60739	1278
60765	94070
60865	60867
60867	60865
60874	42897
60876	6653
60886	21
61076	53736
61358	2058
61372	69350
61411	108449
61427	61429
61427	61431
61429	61427
61429	61432
61431	61427
61431	61429
61432	61427
61432	61429
61438	42551
61441	127122
61751	44003
61770	61771
61771	61770
61779	61781
61781	36455
61781	61779
62480	23349
62480	62482
62482	23349
62482	62480
62695	186732
62757	36187
62757	36190
62933	62935
62935	62933
62980	70529
63307	27992
63321	58697
63416	8421
63513	297385
63748	44511
63837	34986
63849	63847
63898	4638
64084	64086
64084	242101
64087	64084
64096	125009
64096	151765
64344	64345
64345	64344
64414	86133
64701	64702
64701	64704
64702	64701
64702	64704
64704	64701
64704	64702
64721	64722
64722	64721
64726	64728
64728	75154
64734	20176
64735	5205
64735	20178
64736	6873
64736	64738
64736	64739
64736	70238
64737	64741
64737	64743
64738	6873
64738	64736
64738	64737
64738	64739
64739	6873
64739	64736
64739	64737
64739	64738
64741	64737
64741	64743
64742	6873
64742	12205
64742	64737
64743	64737
64743	64741
64735	20176
64894	1632
65099	41818
65216	144749
65227	42235
65643	29037
65645	1619
65652	65653
65653	65652
66194	66195
66195	66194
66273	44445
66752	13081
67071	143327
67072	18900
67072	22123
67074	18912
67116	101256
67129	76895
67129	76896
67129	76897
67129	76898
67129	76899
67129	76900
67129	76901
67132	67133
67133	67132
67136	67139
67136	67141
67138	67136
67138	67139
67138	67141
67139	67136
67139	67138
67139	67141
67141	67136
67141	67138
67141	67139
67218	87048
67430	58086
67441	4028
67524	67090
67524	142860
67530	67535
67534	67535
67535	67530
67535	67534
67831	43363
67831	67833
67833	67831
67870	67871
67870	67872
67870	67874
67871	67870
67871	67874
67872	67870
67872	67871
67872	67874
67874	67870
67874	67871
67874	67872
67907	25491
68050	171625
68066	54920
68262	68263
68263	68262
68383	166701
68460	52284
68824	13828
68838	121099
68838	121102
68909	121103
68909	152125
69066	55988
69103	1632
69108	69110
69501	56744
69501	69498
69878	18957
70238	64736
70336	41758
70336	185389
70510	76004
70775	8446
71202	77369
71331	22982
71442	45656
71689	71688
71838	192657
72087	29790
72265	46891
72265	72266
72266	46891
72266	72265
72268	46895
72706	26765
73145	7707
73626	14761
73763	22717
74127	74131
74131	74127
74404	1504
74974	1668
75087	137542
75154	64728
75459	7338
75856	4028
75959	1504
76004	70510
76100	89846
76101	28826
76201	100128
76200	12617
76247	22747
76326	43639
76350	22154
76609	61781
76611	31979
76895	67129
76895	76896
76896	76895
76897	67129
76898	67129
76898	76896
76898	246281
76900	67129
76904	261974
76908	76910
76909	76908
76909	76910
76910	76908
76910	76909
76913	76908
76913	76910
77369	51921
77369	71202
77543	18032
77551	28526
77864	116658
77866	14440
77866	18090
77866	77867
77867	18090
77867	77866
78042	172374
78243	45265
78249	46007
78738	55525
78799	111520
79032	123271
79572	823
79764	36455
79765	36455
79768	46979
79768	72980
79785	11810
79809	7338
79809	79810
79810	79809
79812	79813
79812	79814
79812	177371
79812	177373
79812	177375
79813	79812
79813	79814
79814	79812
79814	177371
79814	177373
79814	177375
80596	80594
80604	80605
80604	80606
80605	80604
80605	80606
80606	80604
80606	80605
80642	80643
80642	80644
80643	80642
80644	80642
80644	80643
80643	80644
80730	156661
80853	38319
81410	81411
81411	81410
81414	81416
81416	81417
81416	82803
81417	81414
81417	81416
81416	81414
81451	33196
81417	100410
81549	53147
81561	81565
81561	81566
81561	81567
81563	81561
81563	81565
81563	81566
81563	81567
81565	81561
81565	81563
81565	81566
81566	81565
81566	81567
81567	81561
81567	81563
81567	81566
81580	81582
81580	81585
81580	81587
81582	81580
81582	81585
81582	81587
81585	81580
81585	81582
81585	81587
81585	165985
81566	81561
81587	81580
81587	81582
81587	81585
81587	165985
81803	54036
81841	81843
81843	81841
82244	24022
82244	204268
82246	5133
82573	44839
82574	44839
82574	82575
82575	44839
82575	82574
82578	82579
82578	82581
82578	82583
82579	82578
82579	186291
82581	82578
82581	82579
82583	82578
82583	82579
82587	82589
82588	82587
82588	82589
82589	82587
82593	184202
82593	184204
82596	82591
82728	73485
82728	174769
82778	82779
82778	82780
82779	82778
82779	82780
82780	82778
82780	82779
82784	82786
82786	82784
82786	94929
82787	82788
82787	82789
82788	82787
82788	82789
82789	82787
82789	82788
82790	82791
82791	82792
82794	82796
82796	82794
82797	37088
82799	37088
82802	91031
82803	81416
82975	82978
82978	82975
82984	29133
83097	33415
83097	83098
83098	33415
83098	83097
83100	33415
83100	35864
83101	116791
83105	83107
83105	83108
83107	83105
83107	83108
83108	83105
83108	83107
83153	83154
83153	83155
83153	83157
83153	83159
83154	83153
83154	83155
83154	170832
83155	83153
83155	83154
83155	83159
83157	83153
83159	83153
83159	83154
83159	83155
83212	119654
83325	83327
83327	83325
83565	83567
83567	83565
83632	17997
83633	83635
83635	83633
83636	83639
83639	83636
83871	83872
83872	83871
83882	83883
83882	83884
83883	83882
83883	83884
83884	83882
83884	83883
84274	89042
84394	29742
84394	84395
84394	84397
84395	29742
84395	84394
84395	84397
84397	84394
84397	84395
84406	84407
84406	84410
84407	84410
84407	84412
84407	84413
84407	205303
84410	84407
84410	84412
84410	84413
84412	84407
84412	84410
84412	84413
84412	84414
84413	84407
84413	84410
84413	84412
84413	205303
84414	84406
84414	84410
84414	84412
84416	56744
84565	52309
84566	28008
84942	97208
84973	84974
84974	84973
84975	54953
84975	84977
84977	54953
84977	84975
84978	260140
84981	84983
84983	84981
85273	85274
85274	85273
85274	104412
85275	85276
85276	85275
85364	205630
85366	85367
85366	182214
85367	85366
85369	85370
85370	85369
85371	24635
85378	85379
85419	85420
85420	85419
85532	30119
85536	22287
85538	110229
85587	85589
85590	118589
85590	118590
85590	118592
85590	118593
86130	182999
86166	42054
86850	36436
86943	86946
86946	86943
87000	87001
87001	87000
87002	87003
87003	87002
87048	67218
87062	87063
87383	1619
87383	1875
87438	152236
87438	152239
87438	191096
87441	90458
87441	90459
87452	87453
87453	87452
87455	87460
87460	87455
87656	87658
87658	87656
88261	44852
88357	88358
88357	88361
88358	88357
88358	88361
88361	88357
88361	88358
88542	17686
88566	88570
88570	88566
88572	88574
88574	88572
88612	105353
88612	105355
88782	88783
88783	88782
88828	102907
88909	122662
88917	65790
89042	84274
89400	109213
89484	89485
89485	89484
89486	16264
89486	89487
89487	16264
89487	89486
89488	89489
89489	89488
89491	89492
89491	89493
89492	89491
89494	89495
89495	89494
89497	127313
89497	127314
89504	1927
89539	155103
89540	89542
89542	89540
89542	177377
89545	89546
89546	89545
89692	21
89846	76100
90037	90038
90037	90041
90038	90037
90038	90041
90038	137526
90041	90037
90041	90038
90041	137526
90043	90045
90045	90043
90456	109488
90458	3455
90458	90459
90459	87441
90459	90458
90462	90463
90463	90462
90509	90510
90509	90512
90510	90509
90510	90511
90511	90509
90511	90510
90512	90509
90514	18905
90517	90518
90518	90517
90525	90526
90526	90525
90509	90511
90899	90900
91014	91015
91014	91017
91014	91019
91014	91021
91015	91014
91015	91017
91015	91019
91015	91021
91017	91014
91017	91021
91017	152583
91019	91014
91019	91015
91019	91021
91021	91014
91021	91015
91021	91017
91021	91019
91021	152583
91024	91025
91024	91026
91024	91030
91024	117361
91025	91024
91025	91026
91025	91030
91025	117361
91026	91024
91026	91025
91026	91030
91026	117361
91030	91024
91030	91025
91030	91026
91030	117361
91031	82802
91039	91040
91039	91042
91039	91043
91039	91044
91039	91046
91040	91039
91040	91042
91040	91043
91040	91044
91040	91046
91042	91039
91042	91040
91042	91043
91042	91044
91043	91039
91043	91040
91043	91042
91043	91046
91046	91039
91046	91040
91046	91043
91359	44178
91443	1619
91656	44
91656	20602
92303	152092
92475	57138
92790	4638
93041	255950
93343	42874
93365	77864
93492	38307
93986	93985
94030	94032
94032	94030
94062	201568
94067	58821
94070	60765
94072	94075
94075	94072
94089	159651
94239	94240
94239	94242
94240	94239
94240	94242
94242	94239
94242	94240
94255	76617
94258	94255
95713	95715
95713	95716
95715	95713
95715	95716
95716	95713
95716	95715
95718	95719
95719	95718
95719	95720
95720	95718
95720	95719
95721	95722
95721	95723
95721	95724
95722	95721
95722	95723
95722	95724
95722	95725
95723	95721
95723	95722
95723	95724
95724	95721
95724	95722
95724	95723
95725	95722
95728	132752
95728	132753
95728	132754
95728	132755
95734	106665
95735	51137
95735	95737
95736	193475
95737	95735
95739	95737
95749	95753
95750	95749
95753	95749
95756	95749
95780	4818
95844	11980
95844	11981
96098	98036
96542	96543
96543	96542
96546	96548
96546	108868
96547	96546
96547	96549
96548	96546
96551	96553
96551	176902
96553	96551
96590	58361
96876	96877
96877	96876
96943	163305
97405	12356
97407	12356
97413	1294
97414	1294
97415	97416
97415	97417
97416	97415
97416	97417
97416	97419
97417	97415
97417	97416
97419	97415
97419	97416
97419	97417
97528	108097
97528	108098
97528	108099
97528	108102
97548	41082
97562	30260
97593	50688
97747	97748
97748	97747
97777	97778
97778	97777
97785	26669
97844	130697
97970	97971
97971	97970
97971	97972
97972	97971
98036	96098
98036	98038
98038	98036
99020	111782
99094	15577
99120	4925
99171	116791
99264	103789
99264	103790
99264	103791
99450	99448
99687	247176
99709	264784
99948	6606
100059	216619
100234	672
100299	20598
100305	40311
100410	81417
100413	100411
100421	114533
100423	151435
100423	151436
100430	265819
100430	272838
100430	272839
100432	145275
100436	100434
100871	8421
100905	160058
100981	36586
101034	134132
101256	67116
101404	134135
101404	134136
102219	218649
102621	80786
102625	102626
102626	102625
102627	102625
102632	58153
102632	250903
102634	77992
102651	102652
102652	102651
102907	45793
102907	88828
103091	87084
103216	34841
103421	36499
103545	54970
103580	50216
103603	83180
103732	4638
103794	103795
103795	103794
103852	20157
104197	104198
104198	104197
104198	104200
104200	104197
104200	104198
104412	85274
104423	85546
104423	125009
104456	52521
104583	209379
104640	193639
105348	4765
105351	105352
105352	105351
105352	105353
105355	88612
105355	105353
105465	105467
105466	105467
105466	105468
105467	105465
105467	105466
105467	105468
105468	105466
105468	105467
105479	41070
105479	108194
105479	240240
105480	41070
105482	114197
105602	210354
105898	109665
105903	105904
105904	105903
105972	105974
105973	105974
105973	105975
105974	105972
105974	105975
105975	105973
105975	105974
106092	106093
106093	106092
106097	106101
106097	106102
106101	106097
106106	106105
106106	106107
106106	106108
106107	106106
106108	106106
106110	170918
106143	89499
106148	156752
106149	39479
106649	83102
106656	106658
106659	106661
106661	106659
106661	122060
106665	95734
106666	106667
106667	106666
107047	60197
107131	109819
107144	26933
107144	41530
107216	44458
107216	44459
107567	25906
107572	53582
107572	132501
108097	97528
108097	108098
108097	108099
108098	97528
108098	108097
108098	108099
108099	97528
108099	108097
108099	108098
108102	97528
108107	108109
108107	108112
108108	108107
108108	108109
108109	108107
108109	108108
108112	108107
108161	108163
108161	188514
108163	108161
108168	108166
108194	105479
108216	108218
108218	108216
108220	108221
108220	108223
108220	108225
108221	108220
108221	108223
108223	108220
108223	108221
108223	108225
108225	108220
108225	108221
108225	108223
108422	90517
108427	108430
108430	108427
108449	61411
108478	108480
108480	108478
108868	96546
109202	83763
109208	109209
109208	109211
109209	109208
109209	109211
109211	109208
109211	109209
109213	89400
109216	60716
109235	4031
109237	116655
109238	172652
109397	130066
109401	109403
109403	109401
109488	90456
109599	109600
109600	150653
109619	6754
109619	12880
109621	109622
109622	109621
109622	109623
109623	109622
109665	105898
109815	109816
109817	7518
109817	277217
109819	107131
109822	109823
109823	109822
109828	109829
109829	109828
109829	109832
109832	109829
109835	7257
109835	174470
109839	109840
109839	109843
109839	109844
109839	109845
109839	123601
109840	109839
109840	109843
109840	109844
109840	109845
109840	109846
109840	109848
109840	123601
109843	109840
109843	109845
109843	109846
109843	109847
109843	109848
109844	109839
109844	109840
109844	109843
109844	109845
109844	109847
109844	123601
109844	275894
109845	109839
109845	109840
109845	109843
109845	109846
109845	109847
109846	109839
109846	109840
109846	109843
109846	109845
109847	109839
109847	109840
109847	109843
109847	109845
109847	109846
109848	109840
109848	109843
109848	109846
110400	12880
110507	16796
110535	23360
110775	108220
110775	108221
110834	193880
110834	202117
111088	50775
111088	203591
111782	99020
111870	111872
112371	112373
112373	112371
112417	115838
112721	112722
112722	112721
112727	44446
112727	46869
112770	233863
112771	17648
112773	58694
112775	112776
112775	126178
112775	126179
112776	112775
112776	126178
112776	126179
112955	112956
112956	112955
113135	120087
113440	50688
113440	119563
113443	30435
113443	113445
113445	30435
113445	113443
113663	113671
113671	113663
113687	195589
113709	113710
113709	126182
113710	113709
113710	126182
113714	113710
113723	84392
113877	134942
113994	21530
114151	114152
114153	114151
114159	39688
114173	114175
114173	114177
114173	114179
114173	134228
114175	114173
114175	114177
114177	114173
114177	114175
114177	114178
114177	114179
114177	134228
114178	114173
114178	114177
114179	114173
114179	114177
114179	134228
114183	38319
114195	151
114227	89042
114296	118198
114301	6525
114301	47366
114311	114312
114312	114311
114376	50567
114376	114377
114377	50567
114377	114376
114383	28778
114383	114382
114384	114382
114387	121381
114397	88358
114533	100421
114737	173271
114921	15930
115060	121527
115096	39558
115100	115102
115100	115103
115102	115100
115103	115100
115103	115102
115116	122244
115116	122246
115117	175372
115471	17827
115471	115472
115472	115471
115473	17827
115474	115475
115475	115474
115557	115558
115671	115672
115671	115673
115671	115675
115671	115676
115672	115675
115673	115671
115673	115672
115675	115672
115676	115671
115676	115672
115676	153593
116655	109237
116658	77864
116791	83101
117006	134402
117361	91024
117361	91026
117361	91030
117836	169605
117841	117842
117841	117843
117841	117845
117842	117841
117842	117843
117843	117841
117843	117842
117843	119582
117920	117921
117920	117922
117921	117920
117921	117922
117922	117920
117922	117921
118063	31234
118063	53698
118133	118132
118133	118136
118136	118133
118548	69108
118555	132741
118555	132742
118558	118560
118560	118558
118589	85590
118589	118590
118589	118592
118590	85590
118590	118589
118590	118592
118592	85590
118592	118589
118592	118590
118599	96542
118599	118600
118600	96542
118600	96543
118600	118599
118604	118607
118607	39569
118607	118604
118607	118606
118643	118640
118648	118008
119159	81793
119560	119562
119561	22176
119562	17997
119563	50688
119563	113440
119576	119575
119654	83212
119752	165196
120162	165977
120207	28789
120271	38948
120271	38950
120379	120382
120382	120379
120383	120382
120420	120422
120420	120424
120420	120425
120422	120420
120422	120424
120422	120425
120424	120420
120424	120422
120424	120425
120425	120420
120425	120422
120425	120424
120426	120420
120426	120422
120426	120424
120426	120425
120429	120431
120429	120432
120431	120429
120431	120432
120432	120431
120436	182963
120438	120440
120440	141540
120442	120444
121099	68838
121102	68838
121103	68909
121103	152125
121103	152126
121114	121115
121115	121114
121116	121124
121118	121124
121124	121116
121124	121118
121126	121128
121128	256338
121128	256340
121132	121134
121134	121132
121136	121137
121136	121138
121136	121139
121136	121140
121136	121142
121136	121144
121137	121136
121137	121138
121137	121139
121137	121140
121137	121144
121138	121136
121138	121137
121138	121139
121138	121140
121138	121144
121139	121136
121139	121137
121139	121138
121139	121140
121139	121144
121140	121136
121140	121137
121140	121138
121140	121139
121140	121144
121142	121136
121142	121137
121142	121138
121142	121140
121144	121136
121144	121137
121144	121139
121198	121200
121200	121198
121200	121202
121202	121200
121218	32625
121381	114387
121513	121514
121514	121513
121527	115057
121812	121811
122059	122060
122060	122059
122244	115116
122246	115116
122565	43833
122645	86133
122645	122648
122645	122649
122648	86133
122648	122645
122649	122645
122649	122648
122650	122645
122652	122653
122653	5568
122653	122652
122655	122657
122655	122658
122657	122655
122662	88909
122662	143325
122786	245918
123271	79032
123329	52894
123601	109839
123601	109840
123601	109843
123601	109844
123601	109847
123601	109848
124388	33159
124630	132974
124948	124951
124948	124952
124948	124953
124951	124948
124951	124952
124951	124953
124952	124948
124952	124951
124952	124953
124953	124948
124953	124951
124953	124952
124961	10248
124966	112385
124982	58189
124994	124995
124995	124994
125009	64096
125098	58972
125437	31355
125487	125490
125489	125487
125490	125487
125490	185152
125580	4675
125776	115057
125776	121527
125943	44458
126161	126164
126161	126169
126164	126161
126169	126161
126171	54246
126172	126173
126172	188967
126173	54172
126173	126172
126173	188967
126178	112775
126178	112776
126179	112775
126179	112776
126182	113709
126182	113710
126269	126273
126365	255991
126431	11991
127057	54921
127059	54921
127062	54994
127062	127064
127064	54994
127064	127062
127102	127106
127105	17060
127106	127102
127108	127109
127108	136365
127109	127108
127112	166871
127114	127112
127122	61441
127167	104041
127173	14382
127173	14384
127313	89497
127313	127314
127314	127313
127344	127348
127348	127344
127349	127344
127349	127348
127524	112385
127524	150442
127556	37850
127568	127573
127570	127568
127570	127571
127570	127572
127570	127573
127571	127568
127571	127570
127571	127572
127571	127573
127572	127568
127572	127570
127572	127571
127572	127573
127573	127568
127573	127570
127573	127571
127573	127572
127574	72686
127575	72686
127575	127574
127656	127658
127658	127656
127677	58606
127832	127833
127833	127832
127833	131663
127834	127835
127834	127836
127834	127837
127835	127834
127835	127836
127835	127837
127836	127834
127836	127835
127836	127837
127837	127834
127837	127835
127837	127836
128150	128151
128150	157624
128151	128150
128173	21486
128179	33214
128188	185273
128316	135088
128316	135089
128338	128341
128341	128338
128345	1670
128517	215366
128757	128758
128757	128759
128757	128760
128757	128761
128758	128757
128758	128759
128758	128760
128758	128761
128759	128757
128759	128758
128759	128760
128759	128761
128760	128757
128760	128758
128760	128759
128760	128761
128761	128757
128761	128758
128761	128759
128761	128760
128769	128770
128770	128769
129139	67139
129139	67141
129189	28008
129194	28008
129194	129189
130066	109397
130119	130120
130120	130119
130223	213125
130334	52354
130334	52358
130593	24177
130636	19747
130638	130639
130638	130641
130639	130638
130697	97844
130697	189893
130956	130958
130957	130959
130957	130961
130957	130963
130958	130956
130958	130961
130959	130963
130961	130956
130961	130957
130961	130958
130961	130962
130963	130959
130964	130968
130965	130964
130965	145686
130965	231723
130968	130964
131094	131095
131095	131094
131188	71468
131286	131288
131288	131286
131339	192605
131469	14576
131663	127832
131663	127833
132230	94085
132501	53582
132505	54635
132697	82596
132741	118555
132741	132742
132742	4029
132742	118555
132742	132741
132744	132745
132744	132748
132744	132750
132745	132744
132745	132748
132745	132749
132745	132750
132749	132745
132749	160931
132750	132744
132750	132745
132750	132749
132752	95728
132752	132753
132752	132754
132753	95728
132753	132752
132753	132754
132754	95728
132754	132752
132754	132753
132755	95728
132755	140191
132785	154841
132974	124630
133800	127851
133801	133803
133803	127851
133803	133801
133842	133844
133843	1285
133844	133842
133851	198769
133857	61427
134122	60716
134126	134127
134127	134126
134127	134128
134128	134127
134132	101034
134135	101404
134180	179055
134210	134207
134210	155250
134221	134224
134224	134221
134228	114173
134228	114177
134228	114179
134278	118900
134384	134385
134384	134388
134384	134391
134385	134384
134385	134390
134385	134391
134388	134384
134388	134385
134388	134390
134388	134391
134390	134384
134390	134385
134390	134388
134390	134391
134391	134384
134391	134385
134391	134390
134393	134395
134393	134396
134395	134393
134396	134393
134396	134395
134395	134396
134396	153628
134397	134393
134397	134395
134397	134396
134398	134399
134398	273273
134399	134398
134401	134400
134402	117006
134446	134447
134446	134448
134446	134449
134446	134450
134447	134446
134447	134448
134447	134449
134447	134450
134448	134446
134448	134447
134448	134449
134448	134450
134449	134446
134449	134447
134449	134448
134449	134450
134450	134446
134450	134447
134450	134448
134450	134449
134451	137072
134453	137076
134494	28009
134690	118606
134983	238410
135076	255989
135088	135089
135368	135370
135370	135368
135449	140249
135686	135687
135686	135688
135687	135686
135687	135688
135688	135686
135688	135687
135689	135691
135691	135689
135983	41576
136032	136033
136033	136032
136293	142764
136365	127108
136673	136674
136673	136676
136674	136673
136676	136673
136683	149763
136689	246071
137030	137037
137036	137030
137036	137037
137037	137030
137037	137036
137037	218638
137066	58694
137072	134451
137072	267687
137412	220012
137475	137479
137479	137475
137483	94239
137526	90038
137526	90041
137542	75087
137543	113136
137552	82587
137694	137699
137694	186428
137699	186428
137838	18263
137894	43833
137954	18898
138259	138260
138259	138261
138260	138259
138260	138261
138261	138259
138261	138260
138724	138726
138724	138727
138726	138724
138726	138727
138727	138724
138727	138726
138736	148345
138736	195799
138736	195801
138736	195802
138739	7341
138739	138740
138740	138739
138839	138841
138841	138839
139042	139056
139048	139049
139049	139048
139050	139051
139050	139052
139051	139050
139051	139052
139052	139050
139052	139051
139054	139053
139057	139053
139062	139064
139287	190082
140003	151157
140003	151158
140138	140141
140141	140138
140191	132755
140202	140204
140204	140202
140249	135449
140282	145785
140285	24181
140285	165189
140288	4638
140555	268382
140555	268383
140702	127166
141124	188756
141146	141145
141155	207153
141175	141178
141175	141183
141178	141175
141178	141183
141182	141175
141182	141178
141182	141183
141183	141175
141183	141178
141188	141189
141188	141191
141189	141188
141189	141191
141191	141188
141191	141189
141504	1619
141540	120440
142236	142233
142358	58902
142413	149763
142469	142468
142485	177126
142741	136660
142755	156061
142764	136293
142770	119752
142770	165196
142856	34188
142860	67090
142860	67524
142905	59518
142991	142993
142993	142991
143162	36448
143162	36450
143164	1619
143255	163033
143296	44837
143296	114197
143304	143305
143305	143304
143305	143308
143307	143308
143308	143304
143308	143305
143308	143307
143316	126911
143324	199877
143325	122662
143327	67071
143330	51921
143813	14397
143813	217526
144185	144187
144186	144187
144186	144189
144187	144186
144187	144189
144189	144186
144189	144187
144206	75023
144495	145123
144514	114297
144749	65216
144894	144895
144894	144897
144894	144899
144894	144901
144894	144902
144894	144903
144895	144894
144895	144897
144895	144899
144895	144901
144895	144902
144895	144903
144897	144894
144897	144895
144897	144899
144897	144901
144897	144902
144897	144903
144899	144894
144899	144895
144899	144897
144899	144901
144899	144903
144901	144894
144901	144895
144901	144897
144901	144899
144901	144902
144901	144903
144902	144895
144902	144897
144902	144901
144903	144894
144903	144895
144903	144897
144903	144899
144903	144901
144934	219779
144902	144894
144960	144965
144965	144960
145275	100432
145425	71776
145458	150736
145575	108220
145575	108221
145575	108225
145684	141145
145686	130965
145687	57663
145693	151755
145785	140282
146477	146478
146477	146479
146478	146477
146478	146479
146479	146478
146479	146477
146677	217531
146684	212680
147090	147092
147092	147090
147230	123525
147723	12000
147763	155103
148343	51921
148756	179531
149551	34197
149551	34198
149619	160680
149763	142413
149990	90518
150026	179925
150062	123525
150074	140555
150410	18032
150428	151
150428	113714
150428	116658
150442	127524
150638	150639
150638	150641
150639	150638
150639	150641
150641	150638
150641	150639
150641	150640
150644	6606
150648	161524
150736	145458
150771	136032
151157	151158
151158	151157
151435	100423
151435	151436
151436	100423
151436	151435
151437	151439
151437	151442
151438	151437
151438	151442
151439	151437
151439	151442
151442	151437
151460	151461
151460	213920
151461	151460
151739	218680
151749	151750
151750	151749
151752	51393
151755	145693
151765	64096
151765	125009
151771	151770
151774	151776
151776	151774
151864	151865
151865	151864
151872	151873
151873	151872
151875	151876
151876	155597
151879	33159
151880	151879
151906	58965
151907	93343
152087	152090
152088	152087
152090	152087
152092	92303
152093	152095
152093	152097
152093	152099
152093	187914
152095	152093
152095	152097
152095	152099
152095	152100
152097	152093
152097	152095
152097	152099
152097	152100
152099	152093
152099	152095
152099	152097
152099	152100
152100	152093
152100	152095
152100	187914
152102	152093
152103	152106
152106	38952
152106	152103
152107	152108
152107	152109
152108	152107
152109	152107
152100	152099
152095	187914
152125	68909
152125	87453
152125	121103
152103	38952
152176	152177
152177	157263
152236	87438
152236	152239
152239	87438
152239	152236
152239	191096
152236	191096
152583	91017
152837	83713
152853	6758
152906	113723
152907	152914
152907	152915
152907	193489
152914	152907
152914	152915
152914	193489
152915	152907
152915	152914
153591	142481
153628	134393
153628	134395
153628	134396
153768	153771
153860	83763
153860	109202
154051	154055
154053	154055
154053	163138
154055	154051
154055	154053
154063	27992
154069	154070
154069	154072
154070	154069
154070	154072
154072	154069
154072	154070
154536	154538
154540	176366
154542	154541
154544	154546
154544	154549
154544	172193
154546	154544
154546	154550
154546	172193
154549	154550
154550	154549
154551	154552
154551	154555
154551	154557
154552	154551
154552	154555
154552	154557
154555	154551
154555	154552
154555	154557
154557	154551
154557	154552
154557	154555
154625	158228
154713	163944
154841	132785
154920	134383
155035	45682
155103	89539
155103	147763
155322	1670
155323	27716
155347	278486
155435	14939
155507	106102
155510	155511
155511	155510
155597	151876
155620	155619
156050	272283
156061	142755
156063	156064
156064	156063
156133	30433
156661	80730
156681	58361
156721	111751
156721	174540
156742	18032
156744	156746
156746	156744
157083	157085
157088	164074
157088	188575
157241	158784
157248	35252
157248	157249
157249	35252
157249	157248
157263	152177
157403	187119
157668	53698
157669	71686
157669	155619
157669	157670
157670	157669
157671	53698
157697	23354
157975	55361
158131	158132
158132	158131
158137	158141
158141	158137
158150	1504
158150	28802
158197	158198
158198	158197
158228	154625
158235	207112
158686	159895
158727	22982
158784	157241
158937	179514
159015	49774
159015	49780
159025	214288
159477	1619
159651	94089
159666	159667
159667	44855
159667	159666
159677	196693
159895	158686
160005	52354
160023	160024
160024	160023
160025	246001
160025	246002
160025	246003
160058	100905
160211	111308
160298	30435
160298	113445
160680	149619
160931	132749
161099	258065
161524	150648
161914	133861
161939	39194
162308	162727
162407	162408
162407	171818
162408	162407
162727	162308
163033	143255
163137	163138
163138	154053
163138	163137
163141	33194
163305	96943
163320	100374
163596	246009
163812	163814
163814	163812
163818	163820
163820	163818
163827	163828
163828	163827
163838	33187
163839	33187
163850	273203
163944	154713
164063	32509
164063	170233
164063	170235
164074	157088
164936	18957
164947	251497
165054	18971
165054	33215
165056	18898
165056	104041
165114	282148
165056	232018
165158	46895
165196	119752
165196	142770
165201	165202
165201	165204
165202	165201
165202	165204
165204	165201
165204	165202
165211	165213
165211	165214
165213	165214
165214	165213
165213	165211
165352	62912
165681	280924
165788	127851
165901	126000
165976	165977
165976	165979
165977	165976
165977	165979
165979	165976
165979	165977
165981	165976
165981	165977
165985	81582
165985	81585
165985	81587
166011	166014
166014	166011
166184	6821
166481	221488
166552	166553
166552	166554
166552	166556
166552	166557
166553	166552
166554	166552
166554	166556
166554	166557
166556	166552
166556	166554
166556	166557
166557	166552
166557	166554
166557	166556
166560	166562
166562	166560
166601	166604
166603	166604
166609	166610
166609	191148
166610	166609
166624	166625
166625	41238
166625	166624
166637	218941
166637	218942
166637	219712
166701	68383
166871	127112
167309	4290
167538	167539
167539	167538
167541	261364
167542	2687
167543	167545
167543	167547
167543	167548
167543	167549
167545	167543
167545	167548
167547	167543
167547	167545
167547	167549
167548	167543
167548	167545
167548	167549
167549	167543
167549	167547
167549	167548
167557	167555
167601	167603
167601	190864
167603	167601
167604	200577
167606	167605
167606	167607
167606	167608
167606	167609
167607	167605
167607	167606
167607	167608
167607	167609
167608	167606
167608	167607
167608	167609
167609	167606
167609	167607
167609	167608
168733	12952
168870	185355
169232	198388
169256	169258
169258	169256
169605	117836
169873	9875
169873	9877
169936	203034
170030	271820
170056	264651
170116	198859
170202	219832
170202	219834
170202	219835
170210	20172
170213	177123
170216	170217
170216	170221
170217	170216
170217	170221
170221	170216
170221	170217
170233	164063
170235	118558
170814	11810
170814	100434
170823	170824
170823	170829
170824	170823
170824	170829
170824	173446
170828	271807
170829	170823
170829	170824
170832	83154
170832	176908
170895	142480
171321	46895
171625	68050
171882	32723
171938	171939
171939	171938
171940	171941
171940	174303
171941	171940
171941	174303
171943	171944
171943	171946
171943	171947
171943	171948
171943	171951
171944	171943
171944	171947
171944	171948
171944	171951
171946	171943
171946	171944
171946	171947
171946	171948
171947	171943
171947	171944
171947	171946
171947	171948
171947	171951
171948	171943
171948	171944
171948	171947
171948	171951
171949	171943
171949	171944
171949	171946
171949	171951
171951	171943
171951	171944
171951	171947
171951	171948
171952	171953
171952	171954
171952	171956
171953	171952
171953	171954
171954	171952
171954	171953
171956	171952
171956	236053
171961	171962
171962	171961
172190	205618
172193	154546
172193	154549
172193	154550
172366	88924
172366	172367
172367	172366
172375	172374
172375	172377
172377	172374
172377	172375
172383	172379
172495	172496
172495	172497
172495	172499
172496	172495
172496	172497
172496	172500
172497	172495
172497	172496
172497	172498
172497	172500
172498	172495
172498	172496
172498	172497
172498	172499
172498	172500
172499	226683
172500	172495
172500	172496
172500	172497
172500	172498
172503	185755
172652	109238
173259	227256
173271	114737
173446	170824
173875	173876
173876	173875
174118	71060
174119	87383
174119	174121
174121	174119
174124	42203
174127	174128
174128	174127
174303	171940
174303	171941
174470	7257
174470	7261
174470	109835
174530	8645
174540	156721
174769	73485
174769	82728
174819	174817
174823	26140
174827	194495
174827	194496
174827	194499
174836	174838
174836	174839
174836	174842
174837	174836
174837	174838
174837	174839
174837	174840
174837	174842
174838	174836
174838	174840
174838	174842
174839	174836
174839	174837
174839	174840
174839	196773
174840	174837
174840	174838
174840	174839
174840	174842
174842	174836
174842	174838
174842	174840
174855	174856
174855	174858
174855	174859
174855	174860
174856	174855
174856	174858
174856	174859
174856	174860
174858	174855
174858	174856
174858	174859
174858	174860
174859	174855
174859	174856
174859	174858
174859	174860
174860	6606
174860	174855
174860	174856
174860	174858
174860	174859
175097	283686
175104	3423
175372	62046
175372	91443
175736	138933
175876	143255
175899	151456
175899	175900
175901	120444
175901	175902
175901	175905
175902	175901
175905	120444
175914	52833
175914	175916
175916	175914
175917	175914
176366	154540
176556	176558
176558	176556
176615	94239
176850	56744
176854	269332
176897	11433
176902	96551
176908	83154
176935	15930
177122	177124
177123	170213
177124	177122
177124	177123
177126	142485
177123	177122
177133	177132
177132	177133
177122	177123
177238	91374
177260	96943
177261	41576
177276	117380
177371	79812
177371	79814
177371	177373
177373	79812
177373	79814
177373	177371
177373	177375
177375	79812
177375	79814
177375	177373
177377	89542
177396	843
177455	117921
177568	91019
177568	115675
178212	147086
178219	188756
178251	181291
178314	95715
178871	33213
179055	134180
179107	29750
179107	172797
179295	38980
179531	231718
179565	236066
179626	11810
179654	823
179925	150026
179928	134400
179992	28526
180005	216441
180180	180181
180181	180180
180636	180637
180636	180639
180637	180636
180639	180636
180655	87443
180656	216092
181129	181130
181130	181129
181415	181418
181417	227771
181418	181415
182209	51921
182214	205202
182610	4884
182963	120436
182965	71667
182969	182970
182970	182969
182970	182971
182971	182970
182994	193277
182999	86130
183219	115675
183256	183259
183259	183256
183260	194709
183269	183270
183270	183269
183270	208587
183283	208379
183283	208382
183283	208385
183283	208386
183397	186904
183398	183397
183731	238096
184114	36380
184201	38311
184201	184202
184202	82593
184202	184204
184204	82593
184204	184202
184201	184204
184218	184219
184218	268402
184219	184218
184229	184224
184433	222212
185087	185089
185089	185087
185095	256138
185085	185084
185084	185085
185152	125487
185248	114921
185253	160103
185253	185254
185253	267586
185254	160103
185254	185253
185254	267586
185256	226104
185257	185258
185258	185257
185258	185259
185259	185258
185261	185262
185261	185264
185261	185265
185261	185266
185262	84392
185262	185261
185262	185263
185263	185262
185263	185265
185264	185261
185264	185265
185264	185266
185265	185261
185265	185263
185265	185264
185266	185261
185266	185262
185266	185264
185266	185265
185275	185276
185275	185278
185275	185279
185276	185275
185276	185278
185276	185279
185278	185275
185278	185276
185278	185279
185279	185275
185279	185276
185279	185278
185355	2894
185355	168870
185375	15709
185375	22886
185391	170588
186291	82579
186423	186425
186425	186423
186428	137694
186428	137699
186567	220562
186732	62695
186846	186847
186847	186846
186850	186851
186850	186853
186851	186850
186851	186853
186887	24635
186892	217585
186892	226271
186902	38948
186904	183397
187040	76908
187119	157403
187914	152093
187914	152095
187914	152099
187914	152100
187966	170588
188177	284637
188179	188180
188180	188179
188376	96943
188434	39760
188434	265011
188514	108161
188575	157088
188756	141124
188756	178219
188769	188770
188770	188769
188834	39536
188834	39538
188967	126172
188967	126173
188967	270971
188978	188977
188977	188981
188979	188978
188981	188977
189201	241557
189201	241559
189478	1632
189572	21038
189893	130697
190082	139287
190614	111520
190767	54811
190788	190786
190793	58974
190864	167601
191031	191032
191031	191033
191036	76822
191088	191092
191095	277264
191096	87438
191096	152236
191096	152239
191099	191100
191099	191102
191100	191099
191100	191102
191102	191099
191102	191100
191113	191112
191137	191139
191139	191137
191141	191143
191141	194212
191141	194213
191141	194215
191143	191141
191143	194212
191143	194213
191143	194215
191148	145151
191148	166609
191287	261007
192425	2058
192571	163850
192596	38319
192605	131339
192657	71838
193141	193142
193142	193141
193144	241563
193277	214003
193451	208604
193477	193478
193478	193477
193481	55625
193880	110834
193880	202117
194212	191141
194212	191143
194212	194213
194212	194215
194213	191141
194213	191143
194213	194212
194213	194215
194215	191141
194215	191143
194215	194212
194215	194213
194355	43252
194377	4028
194495	174827
194495	194496
194495	194499
194496	174827
194496	194495
194496	194499
194499	174827
194499	194495
194499	194496
194690	217693
194709	183260
195268	195269
195269	195268
195474	120420
195474	120422
195589	113687
195784	49143
195785	195787
195787	195785
195792	195793
195799	138736
195799	195801
195801	138736
195801	195799
195801	195802
195802	138736
195802	195799
195802	195801
196458	30845
196625	149883
196681	222538
196683	62359
196685	196688
196690	6739
196693	159677
196688	196685
196698	14390
196773	174838
196773	174839
196774	196779
196779	196774
196783	196774
196783	196779
197034	115943
197624	211
198041	199819
198382	17396
198388	169232
198740	137384
198740	198741
198741	198740
198747	242267
198854	100423
198956	198957
198957	198956
198958	198959
198959	198958
199072	199075
199073	199072
199073	199075
199073	199077
199074	199076
199075	199072
199075	199073
199076	199074
199077	18263
199077	199073
199082	44
199082	199083
199083	199082
199087	243944
199087	243945
199099	199100
199072	199073
199100	199099
199141	174165
199819	198041
199840	214042
199877	199883
199883	199877
200290	120422
200306	219604
200380	135088
200577	122236
200577	167604
200650	200654
200654	200650
200700	22266
200996	200998
200998	200996
201007	201008
201007	201010
201008	201007
201008	201010
201008	245348
201010	201007
201010	201008
201010	245348
201178	44
201184	201186
201186	201187
201187	201186
201492	241924
201564	226052
201568	94062
201840	6774
201933	185946
201983	76362
202104	258952
202117	110834
202117	193880
202127	217662
202140	9877
202144	209682
202144	209683
202202	25491
202234	202235
202235	202234
203034	169936
203357	38319
203528	23987
203533	203535
203533	203536
203535	203533
203535	203536
203536	203533
203536	203535
203536	207294
203591	111088
203604	64192
203703	27992
203977	211341
204041	204043
204043	204041
204268	82244
205019	234662
205019	234663
205090	119561
205202	182214
205241	222818
205303	84407
205303	84410
205303	84413
205500	143255
205618	172190
205630	85364
205702	30433
205894	208922
205896	222538
207109	218281
207112	158235
207145	259421
207155	207153
207160	53597
207173	18032
207292	203533
207292	203535
207292	203536
207294	203533
207294	203535
207294	203536
207317	189130
207320	34986
207359	53698
207490	259214
207831	1875
208249	208246
208344	150684
208371	208372
208371	208373
208371	208375
208371	208376
208372	208371
208372	208373
208372	208375
208373	208371
208373	208372
208373	208375
208373	208376
208375	208371
208375	208372
208375	208373
208375	208377
208376	208371
208376	208373
208377	208375
208379	183283
208379	208382
208382	183283
208382	208379
208385	183283
208385	208386
208386	183283
208386	208385
208388	208390
208390	208388
208395	208397
208436	265735
208587	183270
208604	193451
208922	205894
209086	154540
209379	104583
209427	219670
209431	131617
209452	236159
209676	209680
209680	209676
209682	202144
209683	202144
209686	209682
209731	285056
209754	247961
210357	5568
210878	171825
210911	210912
210920	210921
210920	210922
210920	210923
210920	210924
210920	210925
210921	210920
210921	210922
210921	210923
210922	210920
210922	210921
210922	210923
210922	210925
210923	210920
210923	210921
210923	210922
210923	210924
210923	210925
210924	210920
210924	210923
210924	210925
210925	210920
210925	210921
210925	210922
210925	210923
210925	210924
210926	210927
210927	210926
210927	210929
210929	210926
210929	210927
211239	211240
211240	211239
211341	203977
212000	237999
212000	244321
212005	212006
212006	212005
212006	247825
212680	146684
212698	134387
212835	238102
213125	130223
213127	213126
213152	213145
213337	213336
213626	12365
213631	145123
213920	151460
214003	193277
214042	199840
214288	159025
214344	158720
214368	217068
214868	90380
215193	4537
215313	1632
215313	12000
215366	128517
215373	145460
215381	215379
215387	215384
215422	215423
215423	215422
215443	215445
215445	215443
215384	215387
215447	152126
215454	33214
215480	215482
215480	215485
215480	215486
215480	215489
215482	215480
215482	215485
215482	215486
215485	215480
215485	215482
215485	215486
215485	215489
215486	215480
215486	215482
215486	215485
215489	215480
215489	215482
215489	215485
215489	215486
215603	215605
215605	215603
215608	215610
215609	215610
215610	215608
215610	215609
215616	37910
215842	216477
216069	103541
216070	216071
216071	216070
216082	216084
216082	216085
216084	216082
216084	216085
216085	216082
216085	216084
216090	216082
216090	216084
216090	216085
216092	180656
216159	239437
216251	216250
216385	111439
216441	180005
216477	215842
216619	100059
216683	321744
216687	216688
216687	216689
216688	216687
216688	216689
216689	216687
216689	216688
216729	293476
216734	216732
216734	262423
217068	214368
217525	1362
217526	14397
217526	112706
217526	143813
217528	217529
217529	217528
217531	146677
217536	217538
217536	217539
217538	217536
217538	217540
217539	217536
217540	217536
217540	217538
217540	268577
217585	186892
217585	226271
217587	217590
217587	217591
217588	217587
217588	217590
217588	217591
217590	217587
217590	217591
217591	217587
217591	217588
217591	217590
217587	217588
217590	217588
217662	202127
218281	207109
218397	104041
218638	137036
218638	137037
218649	102219
218678	218679
218679	218678
218680	151739
218684	63905
218684	333850
218687	179531
218834	26763
218931	218932
218932	218931
218937	218939
218938	218937
218939	218937
218941	166637
218941	218942
218942	166637
218942	218941
218942	219712
219356	219357
219357	219356
219604	200306
219608	219611
219611	219608
219713	4098
219718	219719
219718	219720
219719	219718
219719	219720
219720	219718
219720	219719
219725	103421
219730	219732
219732	219730
219776	109410
219832	170202
219832	219834
219832	219835
219834	170202
219834	219835
219835	170202
219835	219832
219835	294115
219839	219840
219839	219842
219839	219843
219839	219845
219840	219839
219840	219843
219840	219844
219842	173637
219842	219839
219842	219843
219842	219845
219834	219832
219843	219839
219843	219840
219843	219842
219843	219845
219844	219839
219844	219842
219844	219845
219845	219839
219845	219840
219845	219842
219845	219843
219845	219844
220012	137412
220178	257104
220481	220483
220483	220481
220532	228560
220562	186567
220854	220855
220855	220854
221016	51102
221019	177782
221488	166481
222142	222144
222144	222142
222144	243600
222212	184433
222340	9252
222467	271592
222538	241222
222818	205241
222819	9875
223734	271890
223897	223898
223897	223900
223898	223897
223900	223897
224113	224114
224114	224113
224116	224117
224116	224119
224116	224121
224117	224116
224117	224119
224117	224121
224119	224116
224119	224117
224119	224121
224121	224116
224121	224117
224121	224119
224197	171943
224197	171944
224197	171948
224197	171951
224716	224718
224718	224716
224945	216690
225418	14939
225473	126911
225860	225861
225861	225860
225949	77864
225949	116658
225951	77864
225951	225949
226038	226039
226038	226043
226039	226038
226042	226038
226043	226038
226052	172200
226052	201564
226103	226104
226103	226110
226104	226103
226108	226103
226108	226104
226110	226103
226158	226164
226164	226158
226254	22287
226254	121513
226271	186892
226271	217585
226335	1619
226683	172499
226736	253880
226737	226738
226738	226737
226740	226742
226740	226743
226742	226740
226742	226743
226743	226740
227155	121118
227163	296151
227393	227395
227393	227396
227393	227397
227395	227393
227395	227396
227395	227397
227396	227393
227396	227395
227396	227397
227397	227393
227397	227395
227397	227396
227438	44
227438	53698
227445	227447
227447	227445
227570	227574
227574	227570
227712	198859
227766	227767
227766	227768
227767	227766
227768	227766
227771	181417
228161	11433
228429	58902
228432	154540
228432	154542
228455	228456
228456	228455
228460	262422
228472	174501
228560	220532
228839	228840
228839	228841
228840	228839
228840	228841
228841	228839
228841	228840
229131	114185
229131	255213
229183	175900
229409	87671
229533	268319
230239	253144
230239	253146
230247	230248
230248	230247
230420	82579
230421	82578
230421	82579
231021	4028
231106	170588
231281	31260
231508	58821
231531	32022
231613	83212
231717	262483
231718	179531
231720	249644
231723	130964
231723	130965
231768	231770
231770	231768
232016	94929
232018	165056
232021	232023
232023	232021
232026	232028
232026	232030
232028	232026
232030	232026
232030	232028
232028	232030
232038	51513
232080	232086
232080	241258
232082	232086
232082	241258
232086	232080
232086	232082
232086	241258
232082	232080
232080	232082
232358	60716
232426	12632
232757	185678
233209	233212
233209	233213
233212	233209
233212	233213
233213	233209
233213	233212
233216	233218
233218	233216
233447	156613
233493	53597
233522	233521
233523	233524
233524	233523
233521	233522
233615	34198
233641	233642
233642	233641
233863	112770
234067	7338
234068	238141
234075	132749
234335	49756
234436	300616
234485	274728
234485	274730
234557	43702
234561	256168
234654	234655
234654	234656
234655	234654
234655	234656
234662	205019
234662	234663
234663	205019
234663	234662
234811	234814
234814	234811
234849	134451
234903	118142
234947	252817
235268	18833
235323	235325
235325	235323
235332	235335
235335	235332
235334	235335
235335	235334
235496	61429
235499	281103
236053	171956
236066	179565
236159	209452
236160	236161
236160	236166
236161	236160
236161	236166
236166	236160
236166	236161
236519	280880
236892	198241
236913	22886
237262	264523
237262	264525
237262	264527
237752	237753
237752	257540
237753	237752
237755	12515
237759	237755
237847	237849
237849	237847
237999	212000
238046	15577
238096	183731
238102	238104
238104	238102
238139	238140
238139	238141
238139	238142
238140	238139
238140	238141
238140	238142
238141	238139
238141	238140
238141	238142
238142	238139
238146	238148
238148	238146
238580	238581
238580	238583
238581	238580
238581	238583
238582	238580
238582	238581
238583	238580
238583	238581
238615	238617
238617	238615
239410	256290
239415	139060
239437	216159
239439	239437
239441	823
239444	239445
239444	239447
239444	239448
239445	239444
239445	239447
239445	239448
239447	239444
239447	239445
239447	239448
239448	239444
239448	239445
239448	239447
239548	126269
239550	239551
239551	239550
240076	153591
240090	240091
240091	240090
240091	240094
240094	240091
240240	41070
240240	105479
240249	240250
240249	270537
240249	270539
240250	240249
240250	270537
240250	270539
240255	52833
240399	121124
240399	128220
240403	276530
240427	240429
240427	240430
240429	240427
240429	240430
240430	240427
240430	240429
240434	247064
240805	109399
240885	253121
241174	241176
241176	241174
241220	295440
241222	222538
241231	241235
241235	241231
241258	232080
241258	232082
241258	232086
241488	241490
241490	142770
241557	189201
241559	189201
241559	241557
241563	193144
241924	201492
242101	64084
242260	80594
242260	242262
242262	242260
242266	34198
242266	149551
242270	49780
243114	234849
243592	243593
243593	243592
243598	243599
243599	243598
243600	222144
243609	243611
243611	243609
243651	224931
243903	243904
243903	243905
243904	243903
243904	243905
243905	243903
243905	243904
243945	199087
243947	243948
243948	243947
243948	243949
243949	243948
243953	163144
244221	112720
244321	212000
244356	244357
244356	280203
244357	244356
244492	132796
244748	244749
244749	244748
244795	244796
244796	244795
244802	29852
244804	247066
244806	244807
244807	244806
245101	245283
245283	245101
245348	201007
245348	201008
245348	201010
245525	259462
245761	245762
245762	245761
245767	94443
245918	122786
245995	245996
245995	245998
245996	245995
245998	245995
246001	160025
246002	160025
246009	198462
246069	136689
246069	246071
246069	246072
246071	136689
246072	246069
246072	246071
246076	246077
246077	246076
246281	76898
246646	256871
247056	247057
247056	247058
247056	247060
247056	247061
247057	247056
247057	247058
247057	247059
247057	247060
247057	247061
247058	247056
247058	247057
247058	247060
247058	247061
247059	247056
247059	247057
247059	247061
247060	247056
247060	247057
247060	247058
247060	247061
247061	247056
247061	247057
247061	247060
247063	247060
247063	247061
247064	240434
247066	244804
247068	247069
247070	247069
247100	46175
247176	99687
247203	247204
247203	247205
247203	276818
247204	247203
247204	247205
247204	276818
247205	247203
247205	247204
247205	276818
247218	247219
247219	247218
247219	247220
247220	247219
247819	95719
247825	212006
247878	204174
247915	247916
247916	247915
247955	4884
247961	209754
247983	84334
248213	253181
248695	30643
248696	248697
248697	248696
248714	10752
249107	23349
249503	51452
249533	262483
249533	262482
249644	231720
249699	249700
249700	249699
249777	49780
249777	57661
249994	84978
250126	68106
250219	250221
250219	250222
250219	250223
250220	250219
250220	250222
250220	250223
250220	250224
250221	250219
250221	250222
250221	250223
250222	250219
250222	250220
250222	250221
250222	250223
250223	250219
250223	250220
250223	250221
250223	250224
250224	250219
250224	250220
250224	250221
250224	250223
250584	250588
250588	250584
250618	250619
250619	250618
250714	250715
250714	256588
250715	256588
250715	250714
250755	7257
250874	10012
250874	118599
250874	118600
250882	250883
250883	250882
250902	250903
250910	89499
251497	164947
251503	260373
251569	251571
251569	251573
251571	251569
251571	251573
251571	251574
251572	251571
251572	251573
251572	251574
251573	251571
251573	251572
251573	251574
251574	251571
251574	251572
251574	251573
251584	209880
251585	146684
251586	251587
251586	251588
251587	251586
251587	251588
251588	251586
251588	251587
251792	264004
252197	30433
252201	19747
252204	39569
252209	69498
252221	10080
252221	252222
252221	252224
252222	10080
252222	252221
252222	252224
252224	10080
252224	252221
252224	252222
252311	253189
252976	7524
253124	44
253131	281452
253134	31800
253134	253136
253134	253137
253136	253134
253136	253137
253137	253134
253137	253136
253138	1632
253144	230239
253144	253146
253146	230239
253146	253144
253148	105041
253150	136103
253189	252311
253189	253191
253191	253189
253313	117121
253587	256656
253639	47507
253714	74127
253880	226736
253928	203698
253996	20894
254108	50059
254131	51921
254131	198769
254134	28778
254524	91440
254524	262484
254524	262487
254564	80786
255213	114185
255213	229131
255213	252131
255950	93041
255982	28778
255983	255984
255984	255983
255989	135076
255991	126365
256029	256030
256030	256029
256138	185095
256168	234561
256280	256283
256283	256280
256290	239410
256338	121128
256340	121128
256343	256864
256348	58821
256391	285358
256569	256572
256574	91374
256588	250714
256588	250715
256648	256649
256649	256648
256649	256650
256649	256651
256650	256648
256650	256649
256650	256651
256651	256648
256651	256649
256651	256650
256656	253587
256862	4537
256864	53698
256864	256343
256871	246646
256873	93606
256969	273950
256969	273953
257104	220178
257222	45804
257408	151873
257540	237752
258065	161099
258256	258259
258259	258256
258316	169237
258934	312961
258952	202104
259214	145479
259214	207490
259366	22972
259421	207145
259462	197835
259462	245525
259829	180401
260018	203698
260061	260068
260068	260061
260140	84978
260140	249994
260143	260144
260144	183528
260144	260143
260154	291405
260269	301009
260373	251503
260505	119561
260645	1619
260645	26026
260654	260657
260655	260657
260657	260654
260727	112720
260814	336700
260824	265811
260940	260942
260940	260943
260940	312331
260942	260940
260942	260943
260942	312331
260943	260940
260943	260942
260943	312331
260950	36455
260955	4638
260975	217531
260985	285269
260950	79764
261007	191287
261315	21038
261351	261352
261351	261353
261351	261354
261351	261355
261351	329932
261352	261351
261352	261353
261352	261354
261352	261355
261353	261351
261353	261352
261353	261354
261353	261355
261354	261351
261354	261353
261354	261355
261355	261352
261355	261353
261355	261354
261354	261352
261364	167541
261372	25496
261355	261351
261493	96943
261493	261496
261496	96943
261496	261493
261587	261588
261588	261587
261594	135089
261595	269625
261599	314931
261604	261605
261605	261604
261649	8421
261649	11810
261649	79785
261653	43702
261711	261714
261714	261711
261974	76904
261999	238094
262143	163508
262273	255221
262411	91440
262412	349359
262422	228460
262423	216732
262423	216734
262477	262481
262481	262477
262482	249533
262483	231717
262483	249533
262484	254524
262484	262487
262487	254524
262487	262484
262488	4028
262488	4029
262489	4028
262489	4029
262498	75856
262557	33422
262781	262782
262782	262781
262787	78011
262789	39569
262806	262808
262808	262806
262822	262823
262823	262822
262830	262827
262843	262842
263146	263148
263148	263146
263158	9875
263423	320085
263668	263669
263669	263668
263887	263889
263889	263887
263893	263894
263894	263893
263904	263905
263904	263906
263904	263907
263905	263906
263905	263908
263905	269631
263906	263904
263906	263905
263906	263908
263906	269631
263907	263904
263908	263904
263908	263905
263908	263906
263908	269631
263909	263910
263911	263913
263911	265816
263911	265817
263913	100430
263913	263911
263913	265816
263913	265817
263913	265818
263913	265819
263916	124496
263917	263918
263918	263917
264004	251792
264523	237262
264525	237262
264527	237262
264595	15397
264647	1875
264730	30346
264730	264731
264730	264732
264731	264730
264731	264732
264732	264730
264732	264731
264733	264735
264735	264733
264737	269254
264741	128775
264768	264770
264768	264771
264770	264768
264771	264768
264772	112368
264784	99709
265011	188434
265040	201903
265167	280493
265167	280495
265361	221628
265628	265626
265733	75621
265735	208436
265789	265790
265789	265791
265790	265789
265790	265791
265791	119563
265791	265789
265791	265790
265796	61427
265798	265796
265802	214003
265804	265807
265804	265809
265807	265804
265809	265804
265811	260824
265813	265814
265816	263911
265816	263913
265816	265817
265817	263911
265817	263913
265817	265816
265819	100430
265819	272839
265824	265825
265825	265824
266962	114155
267359	271473
267586	185253
267586	185254
267680	108781
267687	61427
267687	134451
267687	137072
267826	119276
267894	284453
267894	284454
268141	268142
268142	268141
268171	220396
268173	252227
268287	198859
268319	229533
268379	268380
268380	268379
268382	140555
268382	268383
268383	140555
268383	268382
268386	153851
268391	268392
268392	268391
268395	268397
268397	268395
268402	184218
268402	184219
268409	151873
268560	205894
268577	217536
268577	217538
268577	217540
268599	268600
268600	268599
268829	81793
269204	269206
269206	269204
269254	264737
269320	269321
269321	269320
269323	55994
269323	269324
269324	269323
269332	176854
269334	197034
269404	269405
269405	269404
269631	263906
269634	34841
269635	1632
269635	34841
269631	263905
269687	170588
269884	191032
270300	45682
270524	270526
270526	270524
270537	240249
270537	240250
270537	270539
270539	240249
270539	240250
270539	270537
270766	36720
270903	270904
270903	270905
270904	270903
270904	270905
270905	270903
270905	270904
270913	270915
270915	270913
270971	188967
270979	253139
270979	275185
271033	237752
271054	22972
271054	353511
271137	1668
271160	74127
271160	271162
271162	271160
271163	271164
271163	271166
271164	271163
271164	271166
271166	271163
271166	271164
271171	258269
271473	267359
271504	271506
271506	271504
271518	271519
271519	271518
271527	189672
271527	271528
271528	271527
271585	271586
271585	283142
271586	271585
271586	283142
271590	201187
271612	330480
271625	271627
271627	271625
271627	271632
271632	271627
271788	271790
271790	271788
271806	271804
271807	170828
271817	271818
271818	271817
271820	170030
271890	223734
272011	31260
272011	183275
272069	59458
272270	215384
272283	156050
272838	100430
272838	265819
272838	272839
272839	100430
273004	82597
273125	27994
273127	151
273203	163850
273249	4752
273251	273253
273253	273251
273935	273931
273940	212084
273950	256969
273950	273953
273953	256969
273953	273950
274315	285814
274728	234485
274744	274746
274746	274744
274747	274748
274730	234485
275185	270979
275894	109839
275894	109844
276168	95739
276506	217693
276530	240403
276531	134228
276580	276584
276584	276580
276599	1632
276600	276601
276601	276600
276660	195793
276662	276664
276664	276662
276667	276668
276668	276667
276671	276673
276671	276674
276671	276676
276674	276676
276676	276671
276676	276674
276716	276717
276717	51921
276722	284465
276722	284467
276726	114769
276818	247204
276818	247205
276818	247203
277213	14761
277217	109817
277264	191095
277315	113034
277315	248213
277403	277404
277404	277403
277410	277411
277410	277414
277410	277416
277411	277410
277411	277416
277414	277410
277416	277410
277416	277411
277472	151502
278434	284472
278451	7257
278451	7261
278486	155347
278492	169240
278998	152107
278998	152108
279457	61427
279497	69350
279910	689
279910	690
280203	244356
280203	244357
280348	317210
280389	280392
280389	280393
280390	280389
280390	280392
280390	280393
280392	280389
280392	280390
280389	280390
280393	280389
280393	280390
280399	295493
280493	265167
280493	280495
280495	265167
280495	280493
280562	280564
280562	280566
280564	280562
280564	280566
280564	281149
280566	280562
280566	280564
280793	280795
280795	280793
280880	236519
280920	280921
280920	280922
280920	280923
280921	280920
280921	280922
280922	280920
280922	280921
280922	280923
280923	280920
280923	280921
280923	280922
280924	165681
281098	281099
281098	281100
281099	281098
281100	281098
281103	235499
281130	232813
281137	281138
281138	84394
281138	84395
281138	281137
281143	281144
281144	281143
281149	280562
281149	280564
281158	281160
281160	281158
281218	281219
281219	281218
281452	253131
281495	1619
282148	165114
282287	51921
282291	18263
282718	285814
283142	271585
283142	271586
283321	34986
283686	175097
284453	267894
284453	284454
284454	267894
284454	284453
284465	276722
284465	284467
284467	276722
284467	284465
284472	278434
284478	283677
284637	188177
284665	218673
285056	20590
285056	209731
285063	285064
285064	285063
285073	285074
285074	285073
285078	285075
285175	823
285269	260985
285358	256391
285748	148014
285755	57138
285755	92475
285790	15016
285796	285797
285796	285799
285797	285796
285799	285797
285801	285802
285801	285803
285801	285804
285801	285805
285802	285801
285802	285804
285802	285805
285802	285806
285803	285802
285803	285805
285803	368896
285799	285796
285804	285801
285804	285802
285804	285805
285804	285806
285805	285802
285806	285802
285797	285799
285809	285808
285805	285806
285803	285801
286029	286030
286029	286031
286030	286029
286030	286031
286031	286029
286031	286030
286040	286041
286040	286042
286042	286040
286042	286041
286044	286047
286044	286049
286046	286044
286046	286049
286047	286044
286047	286046
286049	286044
286049	286046
286044	286046
286053	286055
286055	286053
286057	286058
286057	286059
286057	286065
286058	286057
286058	286065
286059	286057
286059	286058
286059	286062
286059	286063
286061	286057
286061	286058
286061	286062
286061	286065
286062	286057
286062	286058
286062	286059
286062	286065
286058	286059
286057	286062
286063	286057
286063	286058
286063	286059
286063	286062
286065	286057
286065	286058
286065	286061
286065	286062
286611	69106
287195	823
288188	4012
289270	112770
289379	289380
289379	289381
289380	289379
289380	289381
289381	289379
289381	289380
289764	241226
290120	290122
290122	290120
290189	290190
290189	290191
290190	290189
290191	290189
290250	134400
290554	9881
291405	260154
293476	216729
293774	293775
293775	293774
294000	28008
294115	219835
294669	294670
294670	294669
295440	241220
295493	280399
295709	196946
296151	227163
297385	63513
297679	15709
297681	297685
297681	297687
297685	297681
297685	297687
297687	297681
297687	297685
297688	79764
297707	260540
299784	1277
300616	234436
301012	301015
301015	301012
301022	241791
301276	115680
302686	302689
302689	302686
303964	8446
303964	83872
303965	11810
304582	304584
304584	327808
304585	304582
304588	76082
304590	26765
304591	514
304595	59463
304613	44
308221	122715
309082	7257
311123	4029
312331	260940
312331	260942
312331	260943
312669	36164
312714	177863
312961	258934
313570	34841
313916	313917
313917	313916
313944	313017
314003	314005
314005	314003
316580	2687
316581	316580
317210	280348
317332	317333
317333	317332
317485	317486
317486	317485
319685	366493
319867	321825
320085	101104
320085	263423
321744	216683
322935	121099
322938	82246
323385	1619
323457	204582
324383	30260
324729	72268
326984	225949
326984	326985
326985	326984
327283	233543
327415	36166
327415	327417
327417	327415
327426	327427
327426	327428
327427	327426
327427	327428
327428	151739
327428	327426
327428	327427
327432	327434
327432	327435
327432	327437
327434	327432
327434	327437
327435	327434
327435	327437
327437	327432
327437	327434
327437	327435
327435	327432
327434	327435
327630	30433
327808	304584
328138	1619
328292	328293
328293	328292
328784	349007
329932	261351
330480	271612
330482	166626
330493	4012
330709	28778
331315	331316
331316	331315
331834	322009
331913	12205
331956	186890
332329	159285
333205	333206
333202	51452
333206	333205
333850	218684
336700	260814
336951	336954
336951	336955
336954	336951
336954	336955
336955	336951
336955	336954
338004	338005
338005	338004
338193	268334
338540	15279
338988	366216
340308	118900
340663	340664
340664	340663
340665	28008
341039	341041
341041	341039
341142	54624
341820	199895
341867	341870
341870	341867
342535	118142
343039	71688
343493	136032
343633	343635
343635	343633
344029	263312
344171	344172
344172	344171
344805	18032
345959	70510
345959	345960
345960	70510
345960	345959
345966	109605
346974	346975
346975	346974
347035	4012
347035	12205
347045	347048
347048	347045
347527	87652
347527	264064
348977	195310
349007	328784
349090	51932
349359	262412
349602	227610
350091	198462
350179	381533
350917	177377
351175	61786
352890	352891
352891	352890
353511	271054
354700	114387
354700	121381
354704	354706
354706	354704
357352	304584
357410	201178
357949	147376
358861	142481
358861	360586
358874	88358
358874	88361
358930	36164
358948	148014
359064	20183
359878	134180
360586	260061
362234	260811
362358	32022
362359	36434
362703	214003
362865	157395
363426	114737
364799	364800
364800	364799
364844	364846
364846	364844
364930	74770
365161	7261
366216	338988
366493	319685
367806	172374
368896	285803
369066	369067
369066	369070
369067	369066
369070	369066
369074	369075
369075	218673
369075	369074
370103	166603
370890	170588
372384	43833
372392	372394
372394	372392
373061	133861
374727	374729
374727	374731
374729	374727
374729	374731
374731	374727
374731	374729
375900	1619
378645	11810
378795	4012
380141	358930
380388	1619
381262	381265
381265	381262
381265	381268
381268	381262
381268	381265
381533	75621
381533	350179
383907	383908
383908	383907
384499	384503
384503	384499
384503	384504
384503	384506
384504	384503
384504	384506
384506	384503
384506	384504
384507	384508
384508	384507
386214	386216
386216	386214
386423	12000
386425	20181
386938	104583
388014	60743
388649	84392
390515	24034
391862	392657
392102	213141
392657	391862
393102	393100
395715	398026
397268	23015
397476	96943
398026	395715
399620	186856
399626	399624
399626	399627
399627	399624
399627	399626
402666	359759
